000000010000000000000010000000000000010000000000000010000000
000000111000000000000111000000000000111000000000000111000000
000001111100000000001111100000000001111100000000001111100000
000011111110000000011111110000000011111110000000011111110000
000111111111000000111111111000000111111111000000111111111000
001111111111100001111111111100001111111111100001111111111100
011111111111110011111111111110011111111111110011111111111110
111111111111111111111111111111111111111111111111111111111111
111111111111111111111111111111111111111111111111111111111111
011111111111110011111111111110011111111111110011111111111110
001111111111100001111111111100001111111111100001111111111100
000111111111000000111111111000000111111111000000111111111000
000011111110000000011111110000000011111110000000011111110000
000001111100000000001111100000000001111100000000001111100000
000000111000000000000111000000000000111000000000000111000000
000000010000000000000010000000000000010000000000000010000000
